00000000000000000000000000000000000000000000000000000000000
0c111111111110000000000000111111111111110000000000000000000
01001000000010000001111111100000100000010111011101110011100
01001000000010000001000000111110100000010101010101010010000
01001111111110000001000000000000100000011101110111010011100
01000000000010000001000000000000100000000000000000010000100
01111100000010000001000000000000100000000000000000010000100
00000100000011111111000000111111111100000000000111111111100
00000100000010000010000000100000000100111000000100000000100
01111111111110000011000000100000000101101100000100000000100
01000001000000000000000000100000000101000111111100000000100
01000001111111111111111111100000000100000000100000000000100
00000001000000000000000000100000000100000000111111111111100
00001111110111111111111000100000000100000000000010000000000
00001000000100000000001000100000000100011110000010000000000
00001000000101111100001000100000000111110000000011110000000
00011100000101000111111000100000000000011110000010011111000
00010100000101000000000000100000000000000011110010000001000
00010111111101111111111111100000000000000000011110000001000
00000000000000000000000000000000000000000000000000000000000